((0.04760756428881116, -0.0004672294205330358, -0.001115237130867942, 0.0, 0.048825325023638004, -0.0003440060458057232, 2.88622565065715e-05, -4.312227540959158e-05, 0.00019047623921481833, -3.105156980776695e-05, 0.0021966974501722047, -0.0022042554487288236, -4.697631016342157e-05),
 (-0.0004672294205330358, 0.03167344138615213, -4.8383697230923164e-05, -0.048825325023638004, 0.0, -0.037648473021158785, -0.0014251779610759078, -0.0008707253283400802, -0.009272220104507229, -0.0004245826993127292, -0.0022106202371120947, -0.0022048794274441012, 2.9571724919972353e-06), 
 (-0.001115237130867942, -4.8383697230923164e-05, 0.046823369173193886, 0.0003440060458057232, 0.037648473021158785, 0.0, -5.360617781352264e-05, -2.6301151592930518e-05, 0.0002368325584143164, 2.228995401473175e-05, 0.0001904386775115071, -0.00016839470891766618, 0.0005761967754186075), 
 (0.0, -0.048825325023638004, 0.0003440060458057232, 8.138450822030036, 0.0, 0.0, 0.008761275147003353, 0.0049828221771379905, 0.03359792119582755, 0.007096554612572326, 1.3611129871806458e-09, 1.9141658092514565e-09, 2.3223870136192167e-09), 
 (0.048825325023638004, 0.0, 0.037648473021158785, 0.0, 8.138450822030036, 0.0, -5.57956986887945e-06, -4.231916669890081e-05, -0.00018556225691423152, 4.103962322251275e-05, 1.8098578571356743e-09, -1.51419507563767e-09, -2.5064590639655353e-09), 
 (-0.0003440060458057232, -0.037648473021158785, 0.0, 0.0, 0.0, 8.138450822030036, 0.0018856913909639041, -0.006768608535295666, -0.025651677707943216, 0.010653031199574722, 5.308558986430145e-09, -5.229931658696009e-09, 2.0220384535361023e-10), 
 (2.88622565065715e-05, -0.0014251779610759078, -5.360617781352264e-05, 0.008761275147003353, -5.57956986887945e-06, 0.0018856913909639041, 0.0012685261078252228, 0.0008245247435821486, 0.0, 0.0, 0.0, 0.0, 0.0), 
 (-4.312227540959158e-05, -0.0008707253283400802, -2.6301151592930518e-05, 0.0049828221771379905, -4.231916669890081e-05, -0.006768608535295666, 0.0008245247435821486, 0.0012230239720573417, 0.0, 0.0, 0.0, 0.0, 0.0), 
 (0.00019047623921481833, -0.009272220104507229, 0.0002368325584143164, 0.03359792119582755, -0.00018556225691423152, -0.025651677707943216, 0.0, 0.0, 0.008852873344485226, 0.0002483500436596174, 0.0, 0.0, 0.0), 
 (-3.105156980776695e-05, -0.0004245826993127292, 2.228995401473175e-05, 0.007096554612572326, 4.103962322251275e-05, 0.010653031199574722, 0.0, 0.0, 0.0002483500436596174, 0.0014288001328697738, 0.0, 0.0, 0.0), 
 (0.0021966974501722047, -0.0022106202371120947, 0.0001904386775115071, 1.3611129871806458e-09, 1.8098578571356743e-09, 5.308558986430145e-09, 0.0, 0.0, 0.0, 0.0, 0.0031222732118898265, 0.0, 0.0), 
 (-0.0022042554487288236, -0.0022048794274441012, -0.00016839470891766618, 1.9141658092514565e-09, -1.51419507563767e-09, -5.229931658696009e-09, 0.0, 0.0, 0.0, 0.0, 0.0, 0.0031222732118898365, 0.0), 
 (-4.697631016342157e-05, 2.9571724919972353e-06, 0.0005761967754186075, 2.3223870136192167e-09, -2.5064590639655353e-09, 2.0220384535361023e-10, 0.0, 0.0, 0.0, 0.0, 0.0, 0.0, 0.0005781159342146439))


0.0012685261078252228, 0.0008245247435821486, 0.0,                   0.0,                   0.0,                   0.0,                   0.0), 
0.0008245247435821486, 0.0012230239720573417, 0.0,                   0.0,                   0.0,                   0.0,                   0.0), 
0.0,                   0.0,                   0.008852873344485226,  0.0002483500436596174, 0.0,                   0.0,                   0.0), 
0.0,                   0.0,                   0.0002483500436596174, 0.0014288001328697738, 0.0,                   0.0,                   0.0), 
0.0,                   0.0,                   0.0,                   0.0,                   0.0031222732118898265, 0.0,                   0.0), 
0.0,                   0.0,                   0.0,                   0.0,                   0.0,                   0.0031222732118898365, 0.0), 
0.0,                   0.0,                   0.0,                   0.0,                   0.0,                   0.0,                   0.0005781159342146439))